1 6 7
0 2 7 8
1 3 8 9
2 4 9 10
3 5 10 11
4 11 12
0 7 13 14
0 1 6 8 14 15
1 2 7 9 15 16
2 3 8 10 16 17
3 4 9 11 17 18
4 5 10 12 18 19
5 11 19 20
6 14 22 21
6 7 13 15 22 23
7 8 14 16 23 24
8 9 15 17 24 25
9 10 16 18 25 26
10 11 17 19 26 27
11 12 18 20 27 28
12 19 28 29
13 22 30 31
13 14 21 23 31 32
14 15 22 24 32 33
15 16 23 25 33 34
16 17 24 26 34 35
17 18 25 27 35 36
18 19 26 28 36 37
19 20 27 29 37 38
20 28 38 39
21 31 40 41
21 22 30 32 41 42
22 23 31 33 42 43
23 24 32 34 43 44
24 25 33 35 44 45
25 26 34 36 45 46
26 27 35 37 46 47
27 28 36 38 47 48
28 29 37 39 48 49
29 38 49 50
30 41 51
30 31 40 42 51 52
31 32 41 43 52 53
32 33 42 44 53 54
33 34 43 45 54 55
34 35 44 46 55 56
35 36 45 47 56 57
36 37 46 48 57 58
37 38 47 49 58 59
38 39 48 50 59 60
39 49 60
40 41 52 61
41 42 51 53 61 62
42 43 52 54 62 63
43 44 53 55 63 64
44 45 54 56 64 65
45 46 55 57 65 66
46 47 56 58 66 67
47 48 57 59 67 68
48 49 58 60 68 69
49 50 59 69
51 52 62 70
52 53 61 63 70 71
53 54 62 64 71 72
54 55 63 65 72 73
55 56 64 66 73 74
56 57 65 67 74 75
57 58 66 68 75 76
58 59 67 69 76 77
59 60 68 77
61 62 71 78
62 63 70 72 78 79
63 64 71 73 79 80
64 65 72 74 80 81
65 66 73 75 81 82
66 67 74 76 82 83
67 68 75 77 83 84
68 69 76 84
70 71 79 85
71 72 78 80 85 86
72 73 79 81 86 87
73 74 80 82 87 88
74 75 81 83 88 89
75 76 82 84 89 90
76 77 83 90
78 79 86
79 80 85 87
80 81 86 88
81 82 87 89
82 83 88 90
83 84 89