1 11
0 2 11 12
1 3 12 13
2 4 13 14
3 5 14 15
4 6 15 16
5 7 16 17
6 8 17 18
7 9 18 19
8 10 19 20
9 20 21
0 1 12 22
1 2 11 13 22 23
2 3 12 14 23 24
3 4 13 15 24 25
4 5 14 16 25 26
5 6 15 17 26 27
6 7 16 18 27 28
7 8 17 19 28 29
8 9 18 20 29 30
9 10 19 21 30 31
10 20 31 32
11 12 23 33
12 13 22 24 33 34
13 14 23 25 34 35
14 15 24 26 35 36
15 16 25 27 36 37
16 17 26 28 37 38
17 18 27 29 38 39
18 19 28 30 39 40
19 20 29 31 40 41
20 21 30 32 41 42
21 31 42 43
22 23 34 44
23 24 33 35 44 45
24 25 34 36 45 46
25 26 35 37 46 47
26 27 36 38 47 48
27 28 37 39 48 49
28 29 38 40 49 50
29 30 39 41 50 51
30 31 40 42 51 52
31 32 41 43 52 53
32 42 53 54
33 34 45 55
34 35 44 46 55 56
35 36 45 47 56 57
36 37 46 48 57 58
37 38 47 49 58 59
38 39 48 50 59 60
39 40 49 51 60 61
40 41 50 52 61 62
41 42 51 53 62 63
42 43 52 54 63 64
43 53 64 65
44 45 56 66
45 46 55 57 66 67
46 47 56 58 67 68
47 48 57 59 68 69
48 49 58 60 69 70
49 50 59 61 70 71
50 51 60 62 71 72
51 52 61 63 72 73
52 53 62 64 73 74
53 54 63 65 74 75
54 64 75 76
55 56 67 77
56 57 66 68 77 78
57 58 67 69 78 79
58 59 68 70 79 80
59 60 69 71 80 81
60 61 70 72 81 82
61 62 71 73 82 83
62 63 72 74 83 84
63 64 73 75 84 85
64 65 74 76 85 86
65 75 86 87
66 67 78 88
67 68 77 79 88 89
68 69 78 80 89 90
69 70 79 81 90 91
70 71 80 82 91 92
71 72 81 83 92 93
72 73 82 84 93 94
73 74 83 85 94 95
74 75 84 86 95 96
75 76 85 87 96 97
76 86 97 98
77 78 89 99
78 79 88 90 99 100
79 80 89 91 100 101
80 81 90 92 101 102
81 82 91 93 102 103
82 83 92 94 103 104
83 84 93 95 104 105
84 85 94 96 105 106
85 86 95 97 106 107
86 87 96 98 107 108
87 97 108 109
88 89 100 110
89 90 99 101 110 111
90 91 100 102 111 112
91 92 101 103 112 113
92 93 102 104 113 114
93 94 103 105 114 115
94 95 104 106 115 116
95 96 105 107 116 117
96 97 106 108 117 118
97 98 107 109 118 119
98 108 119 120
99 100 111
100 101 110 112
101 102 111 113
102 103 112 114
103 104 113 115
104 105 114 116
105 106 115 117
106 107 116 118
107 108 117 119
108 109 118 120
109 119